2.5 0.9794719999999951 0.244854272000026
2.6 0.974367999999997 0.2772336094674637
2.7 0.9694479999999962 0.33461566419752353
2.8000000000000003 0.9618639999999959 0.37362788163265975
2.9000000000000004 0.9546799999999959 0.4114197612366213
3.0000000000000004 0.9451839999999975 0.4636454542222198
3.1000000000000005 0.9351599999999979 0.5233846709677443
3.2000000000000006 0.9254319999999959 0.5611687499999901
3.3000000000000007 0.9119519999999981 0.649486328007335
3.400000000000001 0.8972239999999976 0.7011287224913358
3.500000000000001 0.8780079999999955 0.8303019755101966
3.600000000000001 0.8638799999999967 0.8907588913580159
3.700000000000001 0.8360559999999942 0.9606229271000746
3.800000000000001 0.8097119999999947 1.032555044875344
3.9000000000000012 0.7834879999999947 1.139960350295853
4.000000000000002 0.7398559999999944 1.3079136620000016
4.100000000000001 0.6961279999999951 1.379732909458655
4.200000000000001 0.642239999999997 1.517316264852607
4.300000000000002 0.5883119999999952 1.41045033812872
4.400000000000002 0.5217439999999992 1.2630898760330573
4.500000000000002 0.479144 1.114130266074073
4.600000000000001 0.4297680000000007 0.9690819448015124
4.700000000000002 0.38756000000000124 0.8242981417836117
4.8000000000000025 0.3532000000000019 0.701659505555555
4.900000000000002 0.322000000000002 0.5660154655560178
5.000000000000002 0.2852960000000009 0.45355520000000044
5.100000000000002 0.2690240000000012 0.3975861886966542
5.200000000000003 0.25654400000000044 0.3454922023668631
5.3000000000000025 0.2370560000000005 0.3027287718049128
5.400000000000002 0.22668800000000072 0.2668504921810696
5.500000000000003 0.2188320000000005 0.2418007209256192
5.600000000000003 0.20935200000000118 0.2217781061224488
5.700000000000003 0.19385600000000056 0.1846770880886425
5.8000000000000025 0.1889440000000009 0.17355222354340044
5.900000000000003 0.18552000000000077 0.16916337236426324
6.0000000000000036 0.17864800000000072 0.1509852408888888
2.5 0.9796800000000073 0.2436331289599836
2.6 0.9745500000000061 0.2949867455620792
2.7 0.9686290000000026 0.31644213497932533
2.8000000000000003 0.9624019999999984 0.37759126071433274
2.9000000000000004 0.9545990000000006 0.42105677954821563
3.0000000000000004 0.9463380000000025 0.44464431955541156
3.1000000000000005 0.9357920000000033 0.5185453781478191
3.2000000000000006 0.9251930000000009 0.5999006249999181
3.3000000000000007 0.9116960000000001 0.6379764466482333
3.400000000000001 0.8964649999999993 0.7332906404845284
3.500000000000001 0.8804789999999998 0.7801530396734568
3.600000000000001 0.8612699999999994 0.9022461033950809
3.700000000000001 0.8402199999999971 1.0034972607743171
3.800000000000001 0.8151149999999993 0.962384584764601
3.9000000000000012 0.7852879999999995 1.090257209467497
4.000000000000002 0.7503309999999991 1.2259588999999969
4.100000000000001 0.7093850000000003 1.4190043999999917
4.200000000000001 0.6575199999999998 1.712613854875292
4.300000000000002 0.5840109999999998 1.7619608436993188
4.400000000000002 0.47590899999999936 1.969451368595053
4.500000000000002 0.3486379999999996 1.593187843160484
4.600000000000001 0.24866800000000008 0.9988213164461226
4.700000000000002 0.18040099999999976 0.6017718960615636
4.8000000000000025 0.14632400000000026 0.4353671833333359
4.900000000000002 0.12582500000000024 0.3530863005414388
5.000000000000002 0.11222600000000033 0.290444623360005
5.100000000000002 0.10164400000000054 0.2662835757016524
5.200000000000003 0.09173100000000026 0.23403946982248483
5.3000000000000025 0.08499700000000014 0.21813920840156847
5.400000000000002 0.07859800000000028 0.19536693429355217
5.500000000000003 0.07588500000000027 0.18489733500826186
5.600000000000003 0.0694100000000001 0.15873692602040768
5.700000000000003 0.06856300000000022 0.14985695487842568
5.8000000000000025 0.06599600000000011 0.1441002692033297
5.900000000000003 0.06369400000000004 0.1377557151393298
6.0000000000000036 0.06067100000000002 0.1383801527777766
2.5 0.9794697499999967 0.25541872632026674
2.6 0.9745962500000007 0.2929236117596104
2.7 0.9688532499999982 0.325700661452137
2.8000000000000003 0.9621537499999997 0.38954782340656574
2.9000000000000004 0.9547670000000019 0.3991964268733998
3.0000000000000004 0.945880499999999 0.4321858168890077
3.1000000000000005 0.9360064999999999 0.5270974505200406
3.2000000000000006 0.9246966250000005 0.612368901366426
3.3000000000000007 0.9118122500000009 0.6212977031688823
3.400000000000001 0.8972848749999989 0.6876036602075637
3.500000000000001 0.8806382499999995 0.7765121201629537
3.600000000000001 0.8616427500000007 0.8554116858019962
3.700000000000001 0.8398776249999993 0.8981725859747605
3.800000000000001 0.814634124999999 0.9972953572017946
3.9000000000000012 0.7857060000000015 1.0839509237342109
4.000000000000002 0.7506251250000002 1.3151954088748887
4.100000000000001 0.7087819999999997 1.3715455376263308
4.200000000000001 0.6572562500000007 1.389218216666702
4.300000000000002 0.5863729999999995 1.762633898431558
4.400000000000002 0.4874420000000001 2.0970988172521094
4.500000000000002 0.2636322499999999 2.240512786074091
