0.1 1 2.89503e-06
0.2 1 1.44751e-06
0.3 1 9.65009e-07
0.4 1 7.23757e-07
0.5 1 5.79006e-07
0.6 1 4.82505e-07
0.7 1 4.13575e-07
0.8 1 3.61879e-07
0.9 0.999997 8.00983e-06
1 0.999988 2.31918e-05
1.1 0.999961 7.25668e-05
1.2 0.999906 0.000161911
1.3 0.999814 0.000295176
1.4 0.9996 0.000590416
1.5 0.999259 0.00100011
1.6 0.998863 0.00154776
1.7 0.99823 0.00232359
1.8 0.997304 0.00311275
1.9 0.996146 0.004476
2 0.99449 0.00610526
2.1 0.992686 0.00815035
2.2 0.99012 0.0104174
2.3 0.987159 0.0136877
2.4 0.98362 0.016916
2.5 0.979433 0.0204882
2.6 0.974375 0.0261196
2.7 0.968784 0.0323631
2.8 0.962188 0.0396106
2.9 0.954072 0.0492737
3 0.945944 0.0575874
3.01 0.944884 0.059204
3.02 0.944155 0.0600365
3.03 0.942914 0.0600698
3.04 0.941955 0.0598535
3.05 0.940947 0.0627953
3.06 0.939859 0.0640534
3.07 0.939462 0.0608672
3.08 0.938164 0.0621293
3.09 0.936652 0.0695266
3.1 0.935694 0.0661578
3.11 0.934899 0.0709487
3.12 0.934485 0.0698948
3.13 0.93281 0.0676935
3.14 0.931616 0.0695185
3.15 0.930252 0.0766618
3.16 0.929395 0.0737905
3.17 0.928032 0.0815701
3.18 0.927163 0.0824647
3.19 0.925915 0.079316
3.2 0.924464 0.0799843
3.21 0.923304 0.0875171
3.22 0.922139 0.087567
3.23 0.920758 0.0920314
3.24 0.919784 0.0920428
3.25 0.918134 0.092923
3.26 0.91741 0.0905488
3.27 0.915767 0.0965515
3.28 0.914823 0.103963
3.29 0.91346 0.100954
3.3 0.911814 0.104482
3.31 0.910791 0.103988
3.32 0.908803 0.105274
3.33 0.908167 0.100275
3.34 0.906343 0.110585
3.35 0.90477 0.108077
3.36 0.903519 0.112466
3.37 0.901563 0.113455
3.38 0.900612 0.119699
3.39 0.89928 0.114768
3.4 0.897465 0.122239
3.41 0.89568 0.12236
3.42 0.894626 0.127109
3.43 0.89207 0.132133
3.44 0.890484 0.125084
3.45 0.888729 0.139455
3.46 0.887468 0.131111
3.47 0.88539 0.135126
3.48 0.884065 0.142205
3.49 0.881901 0.149774
3.5 0.881177 0.150384
3.51 0.878751 0.15166
3.52 0.876707 0.15772
3.53 0.875138 0.161859
3.54 0.872734 0.168715
3.55 0.872002 0.159199
3.56 0.869366 0.163091
3.57 0.867874 0.169142
3.58 0.865269 0.178993
3.59 0.86389 0.177548
3.6 0.861546 0.186209
3.61 0.859794 0.185369
3.62 0.8567 0.213104
3.63 0.856347 0.200421
3.64 0.853642 0.200186
3.65 0.851424 0.205917
3.66 0.848498 0.222653
3.67 0.846585 0.211771
3.68 0.844771 0.217254
3.69 0.84224 0.232147
3.7 0.839642 0.2219
3.71 0.837438 0.230946
3.72 0.835296 0.252064
3.73 0.832737 0.254785
3.74 0.830971 0.258191
3.75 0.827937 0.252295
3.76 0.825306 0.274146
3.77 0.822284 0.267548
3.78 0.820552 0.271801
3.79 0.817378 0.297566
3.8 0.813785 0.298342
3.81 0.812183 0.330507
3.82 0.809631 0.301246
3.83 0.80637 0.310897
3.84 0.803133 0.315877
3.85 0.800771 0.335065
3.86 0.79786 0.340221
3.87 0.795047 0.348052
3.88 0.791698 0.356657
3.89 0.788922 0.384301
3.9 0.785863 0.370901
3.91 0.782472 0.408967
3.92 0.779005 0.40999
3.93 0.775242 0.413891
3.94 0.772409 0.418558
3.95 0.769219 0.452617
3.96 0.764138 0.449982
3.97 0.761633 0.490079
3.98 0.759446 0.475769
3.99 0.75456 0.461216
4 0.751464 0.506324
4.01 0.7467 0.514741
4.02 0.743875 0.549197
4.03 0.73833 0.536402
4.04 0.735241 0.572507
4.05 0.731336 0.582421
4.06 0.725656 0.655215
4.07 0.723032 0.634682
4.08 0.717951 0.693659
4.09 0.713805 0.715679
4.1 0.709876 0.695195
4.11 0.705566 0.807773
4.12 0.699586 0.790265
4.13 0.694539 0.821702
4.14 0.689383 0.813947
4.15 0.684087 0.886068
4.16 0.679278 0.945247
4.17 0.673686 0.92392
4.18 0.66883 0.987917
4.19 0.663324 1.00806
4.2 0.65567 1.13389
4.21 0.649961 1.11915
4.22 0.644891 1.09932
4.23 0.64102 1.20991
4.24 0.63338 1.35569
4.25 0.626109 1.36178
4.26 0.617692 1.47659
4.27 0.610327 1.74877
4.28 0.604276 1.7231
4.29 0.594065 1.77855
4.3 0.589615 2.08035
4.31001 0.580653 2.0758
4.32001 0.568696 2.41906
4.33001 0.560781 2.427
4.34001 0.553289 2.64728
4.35001 0.541231 3.05693
4.36001 0.533329 3.19678
4.37001 0.517881 3.92663
4.38001 0.504617 4.03678
4.39001 0.492727 4.63351
4.40001 0.475753 5.21169
4.41001 0.461632 5.64826
4.42001 0.448067 5.92191
4.43001 0.432343 6.18494
4.44001 0.417903 7.15993
4.45001 0.404764 7.45347
4.46001 0.385041 7.6939
4.47001 0.371367 8.01395
4.48001 0.354005 8.13741
4.49001 0.338012 8.33985
4.50001 0.325868 8.34626
4.51001 0.307771 8.6088
4.52001 0.294537 7.9155
4.53001 0.280487 7.73533
4.54001 0.261965 7.70713
4.55001 0.254925 7.51725
4.56001 0.23983 7.36173
4.57001 0.224986 7.11149
4.58001 0.222895 6.65167
4.59001 0.214826 6.45714
4.60001 0.203894 6.03212
4.61001 0.195009 5.76329
4.62001 0.194289 5.61346
4.63001 0.181673 5.27393
4.64001 0.176818 5.07957
4.65001 0.172907 4.72182
4.66001 0.162433 4.66463
4.67001 0.154762 4.26668
4.68001 0.152803 4.18913
4.69001 0.148216 3.73203
4.70001 0.14606 3.88318
4.71001 0.140111 3.45623
4.72001 0.135178 3.42764
4.73001 0.135882 3.26355
4.74002 0.130554 3.04489
4.75002 0.129916 2.88203
4.76002 0.122812 2.84867
4.77002 0.121741 2.85094
4.78002 0.120781 2.67028
4.79002 0.118516 2.68814
4.80002 0.113879 2.48742
4.81002 0.113434 2.32182
4.82002 0.113452 2.40799
4.83002 0.107315 2.20126
4.84002 0.106658 2.22346
4.85002 0.10242 2.01188
4.86002 0.102348 1.94068
4.87002 0.100332 1.94506
4.88002 0.101113 1.9621
4.89002 0.0985162 1.88805
4.90002 0.0971719 1.79927
4.91002 0.094037 1.77144
4.92002 0.0953275 1.72931
4.93002 0.0919497 1.6367
4.94002 0.0910278 1.56817
4.95002 0.0904722 1.55086
4.96002 0.0887882 1.46031
4.97002 0.0874172 1.5066
4.98002 0.0852957 1.36151
4.99002 0.0850162 1.38979
5.00002 0.0840862 1.37413
5.01002 0.0833409 1.3302
5.02002 0.0807622 1.22543
5.03002 0.0801123 1.27762
5.04002 0.0826696 1.35137
5.05002 0.0800694 1.19962
5.06002 0.0779381 1.16714
5.07002 0.0788912 1.22499
5.08002 0.0791001 1.20678
5.09002 0.0743212 1.09474
5.10002 0.0779942 1.16115
5.11002 0.0770249 1.10717
5.12002 0.0761215 1.09483
5.13002 0.0753177 1.04254
5.14002 0.0745943 1.04164
5.15002 0.0739497 0.988573
5.16002 0.0708895 0.963688
5.17002 0.073717 0.961984
5.18003 0.0697593 0.966928
5.19003 0.0704873 0.913676
5.20003 0.0688142 0.890621
5.21003 0.0688102 0.913581
5.22003 0.0669219 0.850237
5.23003 0.0700498 0.902705
5.24003 0.0665457 0.860694
5.25003 0.0678374 0.855515
5.26003 0.0675492 0.861958
5.27003 0.0669306 0.792357
5.28003 0.0678142 0.830304
5.29003 0.064239 0.76389
5.30003 0.0641968 0.761651
5.31003 0.064974 0.784011
5.32003 0.0615087 0.67346
5.33003 0.0631319 0.761955
5.34003 0.0626262 0.704908
5.35003 0.0623773 0.687699
5.36003 0.0634525 0.705548
5.37003 0.0617807 0.708081
5.38003 0.0600538 0.667074
5.39003 0.0621377 0.68364
5.40003 0.0605231 0.663104
5.41003 0.060125 0.661472
5.42003 0.0594329 0.634508
5.43003 0.0598929 0.660632
5.44003 0.059772 0.674276
5.45003 0.0575428 0.594095
5.46003 0.0587853 0.629165
5.47003 0.058151 0.627845
5.48003 0.0585642 0.59771
5.49003 0.0594612 0.60296
5.50003 0.0573073 0.611851
5.51003 0.0570596 0.581534
5.52003 0.057739 0.570941
5.53003 0.0550579 0.531437
5.54003 0.0568113 0.558434
5.55003 0.0554323 0.546254
5.56003 0.0558287 0.56371
5.57003 0.0552812 0.542509
5.58003 0.0566256 0.54981
5.59003 0.0532216 0.521275
5.60003 0.054989 0.508775
5.61003 0.0554878 0.514248
5.62004 0.0543241 0.497681
5.63004 0.0537274 0.504154
5.64004 0.0527824 0.500899
5.65004 0.0532419 0.485479
5.66004 0.0539925 0.506799
5.67004 0.0544155 0.484957
5.68004 0.0536047 0.509112
5.69004 0.0526476 0.460846
5.70004 0.0523247 0.455613
5.71004 0.0530127 0.471408
5.72004 0.051875 0.466103
5.73004 0.0520041 0.458055
5.74004 0.0509277 0.437214
5.75004 0.0512193 0.440204
5.76004 0.0525052 0.463282
5.77004 0.0500625 0.419158
5.78004 0.0494826 0.425666
5.79004 0.0516267 0.432479
5.80004 0.0494022 0.40731
5.81004 0.0497234 0.412589
5.82004 0.0488999 0.399698
5.83004 0.0493519 0.412579
5.84004 0.0507378 0.445273
5.85004 0.0507714 0.437737
5.86004 0.0493299 0.412749
5.87004 0.0487245 0.415179
5.88004 0.0509537 0.448439
5.89004 0.0494201 0.402859
5.90004 0.0486134 0.379951
5.91004 0.0491019 0.397302
5.92004 0.0489925 0.376869
5.93004 0.047327 0.375392
5.94004 0.0482263 0.378287
5.95004 0.0476123 0.385724
5.96004 0.0469196 0.369403
5.97004 0.0478628 0.388151
5.98004 0.0477269 0.378795
5.99004 0.0470596 0.346511
6.00004 0.0467211 0.35343
6.10004 0.0455532 0.344632
6.20004 0.0436302 0.308185
6.30004 0.044022 0.312618
6.40004 0.0423391 0.270108
6.50004 0.0417575 0.258017
6.60004 0.0394537 0.237959
6.70004 0.0395006 0.219865
6.80004 0.0371701 0.205701
6.90004 0.0387691 0.216779
7.00004 0.037441 0.193019
7.10004 0.0370336 0.186757
7.20004 0.0362465 0.176888
7.30004 0.0354815 0.168886
7.40004 0.0356701 0.163469
7.50004 0.0345718 0.149646
7.60004 0.0348102 0.146429
7.70004 0.0333507 0.149108
7.80004 0.0329144 0.138767
7.90004 0.0333628 0.142342
8.00004 0.033136 0.134056
8.10004 0.031974 0.121899
8.20004 0.0318038 0.124334
8.30004 0.0313848 0.119252
8.40004 0.0309172 0.11543
8.50004 0.0319282 0.113291
8.60004 0.0300324 0.101431
8.70004 0.0311881 0.104333
8.80005 0.0304352 0.10554
8.90005 0.0301887 0.0992249
9.00005 0.0303918 0.102637
9.10005 0.0299878 0.0947616
9.20005 0.0293762 0.0996647
9.30005 0.0306123 0.0953133
9.40005 0.0291586 0.0942416
9.50005 0.0291753 0.0868936
9.60005 0.0288536 0.0862932
9.70005 0.0288472 0.0868441
9.80005 0.0287697 0.0819771
9.90005 0.0285712 0.0785549
