0.1 1 3.6173e-07
0.2 1 1.80865e-07
0.3 1 1.20577e-07
0.4 1 9.04324e-08
0.5 1 7.23459e-08
0.6 1 6.02883e-08
0.7 1 6.70853e-07
0.8 0.999999 1.84482e-06
0.9 0.999997 6.50928e-06
1 0.999986 2.69944e-05
1.1 0.999961 7.86211e-05
1.2 0.999906 0.000162755
1.3 0.999799 0.000312323
1.4 0.999609 0.000561728
1.5 0.999314 0.000966863
1.6 0.998853 0.00152154
1.7 0.998209 0.002313
1.8 0.997295 0.00325396
1.9 0.996062 0.00450047
2 0.994555 0.00636719
2.1 0.992602 0.00738176
2.2 0.990154 0.0102224
2.3 0.987232 0.012789
2.4 0.983608 0.0160478
2.5 0.979505 0.0209699
2.6 0.974475 0.026404
2.7 0.96874 0.0319849
2.8 0.962249 0.0375675
2.9 0.954555 0.0452928
3 0.945788 0.0566785
3.01 0.944931 0.0584746
3.02 0.944057 0.0569748
3.03 0.943176 0.063213
3.04 0.942075 0.0595934
3.05 0.941078 0.0636849
3.06 0.939924 0.0632332
3.07 0.939099 0.0672187
3.08 0.938072 0.0715783
3.09 0.936975 0.0648264
3.1 0.936122 0.0659732
3.11 0.935019 0.0675489
3.12 0.933871 0.0752302
3.13 0.932836 0.0726497
3.14 0.93165 0.0730935
3.15 0.930418 0.0799834
3.16 0.929368 0.0782593
3.17 0.928204 0.0758606
3.18 0.927054 0.0802546
3.19 0.925968 0.081825
3.2 0.924716 0.0796458
3.21 0.923576 0.0808685
3.22 0.922385 0.082504
3.23 0.920984 0.0923969
3.24 0.919771 0.0911393
3.25 0.918454 0.0893908
3.26 0.917352 0.0927478
3.27 0.915791 0.0923119
3.28 0.914589 0.103165
3.29 0.913087 0.106153
3.3 0.911826 0.0936689
3.31 0.910682 0.106622
3.32 0.909013 0.109875
3.33 0.90767 0.100832
3.34 0.906217 0.117342
3.35 0.905054 0.119519
3.36 0.903433 0.115716
3.37 0.901901 0.116512
3.38 0.900374 0.121624
3.39 0.89869 0.124765
3.4 0.89743 0.121202
3.41 0.895663 0.126865
3.42 0.894055 0.128708
3.43 0.892511 0.12646
3.44 0.891104 0.137822
3.45 0.889232 0.139741
3.46 0.887499 0.134079
3.47 0.885722 0.148309
3.48 0.884125 0.143326
3.49 0.882305 0.143251
3.5 0.880548 0.152349
3.51 0.87885 0.154049
3.52 0.87689 0.142141
3.53 0.875133 0.165297
3.54 0.873632 0.155286
3.55 0.87135 0.171162
3.56 0.869706 0.1725
3.57 0.867628 0.180412
3.58 0.865662 0.176914
3.59 0.863375 0.175449
3.6 0.861726 0.186687
3.61 0.859661 0.187228
3.62 0.857936 0.187299
3.63 0.855366 0.199944
3.64 0.853156 0.203713
3.65 0.851127 0.19857
3.66 0.848845 0.212133
3.67 0.84696 0.217351
3.68 0.844617 0.217889
3.69 0.842178 0.230177
3.7 0.839533 0.232041
3.71 0.837527 0.226761
3.72 0.835105 0.236424
3.73 0.832978 0.244949
3.74 0.830241 0.248045
3.75 0.827541 0.239146
3.76 0.825131 0.261426
3.77 0.822882 0.275173
3.78 0.820435 0.280437
3.79 0.817885 0.271497
3.8 0.814546 0.28422
3.81 0.812379 0.289938
3.82 0.809352 0.310927
3.83 0.806644 0.328549
3.84 0.803333 0.315593
3.85 0.80102 0.339366
3.86 0.797474 0.361108
3.87 0.794675 0.344201
3.88 0.791896 0.368867
3.89 0.788361 0.379362
3.9 0.785766 0.376946
3.91 0.782582 0.404875
3.92 0.778946 0.399666
3.93 0.77501 0.416847
3.94 0.772386 0.42032
3.95 0.768744 0.437927
3.96 0.765888 0.457518
3.97 0.76231 0.469647
3.98 0.758489 0.483165
3.99 0.7545 0.485644
4 0.750863 0.503928
4.01 0.74718 0.519704
4.02 0.742705 0.541501
4.03 0.73966 0.538959
4.04 0.73566 0.569416
4.05 0.731106 0.578925
4.06 0.726681 0.596159
4.07 0.722389 0.656859
4.08 0.718424 0.682337
4.09 0.713391 0.718641
4.1 0.709295 0.66886
4.11 0.704567 0.734679
4.12 0.700033 0.768219
4.13 0.694465 0.785792
4.14 0.689922 0.821407
4.15 0.684336 0.895182
4.16 0.67976 0.909353
4.17 0.673641 0.960034
4.18 0.669003 0.980711
4.19 0.662606 1.0358
4.2 0.656561 1.0941
4.21 0.651369 1.06818
4.22 0.64501 1.21562
4.23 0.638295 1.25248
4.24 0.631544 1.31891
4.25 0.625608 1.38579
4.26 0.617893 1.52838
4.27 0.611152 1.60555
4.28 0.603971 1.70249
4.29 0.596071 1.73478
4.3 0.587533 1.93565
4.31001 0.580704 1.9764
4.32001 0.571156 2.14471
4.33001 0.56129 2.26429
4.34001 0.553768 2.55236
4.35001 0.542894 2.70983
4.36001 0.53335 2.94088
4.37001 0.522868 3.36443
4.38001 0.509806 3.73516
4.39001 0.497946 4.11955
4.40001 0.485904 4.46701
4.41001 0.471415 5.31068
4.42001 0.455736 6.00331
4.43001 0.439971 7.25382
4.44001 0.423665 9.11373
4.45001 0.402316 11.0513
4.46001 0.380402 14.2826
4.47001 0.349305 18.7011
4.48001 0.318658 26.3768
4.49001 0.288527 28.5515
4.50001 0.25235 33.714
4.51001 0.215457 34.6613
4.52001 0.186608 31.3233
4.53001 0.168268 28.5254
4.54001 0.14361 23.5487
4.55001 0.127086 21.0971
4.56001 0.11195 17.4738
4.57001 0.106479 16.1739
4.58001 0.0932154 13.366
4.59001 0.0874457 12.3186
4.60001 0.0828891 10.2711
4.61001 0.0771913 9.69228
4.62001 0.0735527 8.50655
4.63001 0.0683936 7.76332
4.64001 0.0668296 7.18407
4.65001 0.0624167 6.83547
4.66001 0.0606785 5.91665
4.67001 0.058909 5.45368
4.68001 0.0545151 4.97312
4.69001 0.0545372 4.79597
4.70001 0.0525498 4.65053
4.71001 0.0514365 4.34217
4.72001 0.0493013 3.70317
4.73001 0.0479254 3.58943
4.74002 0.0472363 3.68834
4.75002 0.0444939 3.13387
4.76002 0.0441756 3.24744
4.77002 0.0453111 3.33819
4.78002 0.0427303 2.9257
4.79002 0.040662 2.6108
4.80002 0.0400184 2.53595
4.81002 0.0387887 2.45921
4.82002 0.0394903 2.58334
4.83002 0.0392783 2.49605
4.84002 0.0378424 2.14131
4.85002 0.0358935 2.15743
4.86002 0.0373459 2.19208
4.87002 0.0351361 2.00469
4.88002 0.0340605 1.94031
4.89002 0.0350553 2.01883
4.90002 0.0340106 1.95642
4.91002 0.0338704 1.91567
4.92002 0.0327324 1.80558
4.93002 0.0317117 1.60333
4.94002 0.0318516 1.58054
4.95002 0.0308911 1.50181
4.96002 0.0311704 1.62788
4.97002 0.0306562 1.44871
4.98002 0.0305927 1.48999
4.99002 0.031385 1.59299
5.00002 0.0298072 1.4158
5.01002 0.0300383 1.39558
5.02002 0.0300383 1.45985
5.03002 0.0295831 1.26552
5.04002 0.0286464 1.24528
5.05002 0.028034 1.18917
5.06002 0.0288404 1.28095
5.07002 0.0270706 1.24892
5.08002 0.0265234 1.13388
5.09002 0.0273413 1.13164
5.10002 0.0276659 1.13501
5.11002 0.0260999 1.04889
5.12002 0.0258728 1.01726
5.13002 0.0262221 1.13125
5.14002 0.0263039 1.02281
5.15002 0.0257271 1.00542
5.16002 0.0250968 0.911719
5.17002 0.025452 1.00646
5.18003 0.0246849 0.940172
5.19003 0.0252636 0.936051
5.20003 0.0243346 0.905488
5.21003 0.0250462 0.89605
5.22003 0.0243178 0.887372
5.23003 0.0234363 0.84571
5.24003 0.0235782 0.799328
5.25003 0.0243307 0.863941
5.26003 0.0237078 0.850301
5.27003 0.0235484 0.811426
5.28003 0.0232721 0.814192
5.29003 0.0233285 0.802377
5.30003 0.0223764 0.761014
5.31003 0.0230421 0.761122
5.32003 0.0225857 0.750615
5.33003 0.0221304 0.759097
5.34003 0.0224044 0.802098
5.35003 0.0221152 0.745472
5.36003 0.0220025 0.686892
5.37003 0.0218891 0.702028
5.38003 0.0213767 0.659462
5.39003 0.0214822 0.694347
5.40003 0.0218149 0.685156
5.41003 0.0213984 0.664567
5.42003 0.0206897 0.65209
5.43003 0.0217624 0.631758
5.44003 0.0208302 0.635174
5.45003 0.0207805 0.589725
5.46003 0.0212884 0.614464
5.47003 0.0202292 0.575333
5.48003 0.0203759 0.610804
5.49003 0.0205226 0.604754
5.50003 0.0199074 0.55845
5.51003 0.0200307 0.566067
5.52003 0.0196861 0.552948
5.53003 0.0198473 0.585342
5.54003 0.0194415 0.53197
5.55003 0.0195512 0.551674
5.56003 0.0200744 0.581388
5.57003 0.0197221 0.552414
5.58003 0.0195806 0.567093
5.59003 0.0190346 0.544966
5.60003 0.0188351 0.502414
5.61003 0.0195683 0.534699
5.62004 0.0192952 0.518911
5.63004 0.0191217 0.512176
5.64004 0.0193563 0.504855
5.65004 0.0188072 0.496529
5.66004 0.018531 0.444702
5.67004 0.0187624 0.52164
5.68004 0.0180086 0.464065
5.69004 0.0184873 0.460101
5.70004 0.0189766 0.497655
5.71004 0.0184881 0.460453
5.72004 0.0187616 0.469091
5.73004 0.0182257 0.451762
5.74004 0.0183058 0.470411
5.75004 0.0180105 0.463546
5.76004 0.0175169 0.436844
5.77004 0.01808 0.431635
5.78004 0.0175712 0.438483
5.79004 0.0182412 0.447188
5.80004 0.0177033 0.426222
5.81004 0.0173415 0.404397
5.82004 0.0171626 0.394672
5.83004 0.0173494 0.410568
5.84004 0.0176559 0.438621
5.85004 0.0173479 0.402982
5.86004 0.0176698 0.396841
5.87004 0.0169416 0.409594
5.88004 0.0171878 0.386302
5.89004 0.0175984 0.422378
5.90004 0.0170201 0.384008
5.91004 0.0175093 0.399429
5.92004 0.0165992 0.401955
5.93004 0.0173247 0.392998
5.94004 0.0175003 0.400236
5.95004 0.0171349 0.376675
5.96004 0.0168966 0.367798
5.97004 0.0162603 0.354974
5.98004 0.0168877 0.377706
5.99004 0.0161427 0.376389
6.00004 0.0167362 0.37009
6.10004 0.0159386 0.315242
6.20004 0.0154123 0.303173
6.30004 0.0150924 0.299741
6.40004 0.014583 0.270853
6.50004 0.0147785 0.26914
6.60004 0.014144 0.237404
6.70004 0.0138845 0.226565
6.80004 0.0136788 0.218187
6.90004 0.0137937 0.226904
7.00004 0.0133966 0.205043
7.10004 0.0132536 0.194785
7.20004 0.0128663 0.179089
7.30004 0.01301 0.172454
7.40004 0.0122568 0.156636
7.50004 0.0128273 0.162541
7.60004 0.0120041 0.147497
7.70004 0.0116231 0.143982
7.80004 0.0113214 0.128453
7.90004 0.0119593 0.1452
8.00004 0.0116392 0.129224
8.10004 0.0114669 0.128821
8.20004 0.0112309 0.126616
8.30004 0.0112062 0.123105
8.40004 0.0109287 0.11279
8.50004 0.0110542 0.122415
8.60004 0.0110867 0.110829
8.70004 0.0106791 0.106011
8.80005 0.0108608 0.102922
8.90005 0.0109099 0.104888
9.00005 0.0101675 0.0902545
9.10005 0.0103942 0.0927361
9.20005 0.0105697 0.0958432
9.30005 0.0105555 0.0939841
9.40005 0.0103406 0.090922
9.50005 0.0103205 0.0932928
9.60005 0.0105242 0.0908357
9.70005 0.0102676 0.0851736
9.80005 0.0104102 0.0868766
9.90005 0.00988296 0.0824108
