0.1 1 2.3353e-05
0.2 1 1.16765e-05
0.3 1 7.78432e-06
0.4 1 5.83824e-06
0.5 1 4.67059e-06
0.6 1 3.89216e-06
0.7 1 3.33614e-06
0.8 1 2.91912e-06
0.9 0.999995 1.28727e-05
1 0.999991 2.08262e-05
1.1 0.999981 3.57089e-05
1.2 0.999926 0.000124347
1.3 0.999801 0.000301337
1.4 0.999657 0.000485801
1.5 0.999338 0.000931946
1.6 0.998921 0.00137712
1.7 0.998153 0.00220303
1.8 0.997264 0.00317506
1.9 0.995912 0.00461378
2 0.99456 0.00572341
2.1 0.992713 0.00770326
2.2 0.990037 0.0109502
2.3 0.987292 0.0137921
2.4 0.983699 0.017055
2.5 0.979421 0.0214464
2.6 0.974574 0.0234276
2.7 0.968801 0.0308926
2.8 0.961551 0.0374296
2.9 0.95363 0.0487193
3 0.946227 0.0542997
3.01 0.944958 0.0554041
3.02 0.943505 0.0640929
3.03 0.943681 0.0598234
3.04 0.942074 0.0589439
3.05 0.940593 0.0616207
3.06 0.940583 0.0610903
3.07 0.938644 0.0637247
3.08 0.939005 0.0704257
3.09 0.935634 0.0717249
3.1 0.935287 0.0648778
3.11 0.93438 0.0752984
3.12 0.934259 0.0736038
3.13 0.934204 0.0699224
3.14 0.933269 0.0766432
3.15 0.931338 0.0700541
3.16 0.929866 0.0747212
3.17 0.92713 0.0799885
3.18 0.926926 0.0776794
3.19 0.926815 0.0860102
3.2 0.924593 0.0855675
3.21 0.924787 0.0852449
3.22 0.922069 0.0873197
3.23 0.920583 0.0921666
3.24 0.918958 0.0937004
3.25 0.917833 0.0931184
3.26 0.916528 0.0918929
3.27 0.915931 0.096803
3.28 0.915593 0.0996433
3.29 0.913898 0.100095
3.3 0.910884 0.104757
3.31 0.909394 0.109168
3.32 0.907449 0.112084
3.33 0.906148 0.115677
3.34 0.907907 0.102517
3.35 0.902431 0.115224
3.36 0.904625 0.108542
3.37 0.902042 0.115191
3.38 0.900426 0.118578
3.39 0.89912 0.120724
3.4 0.896069 0.129163
3.41 0.896843 0.129701
3.42 0.89462 0.128418
3.43 0.892264 0.132718
3.44 0.890403 0.128818
3.45 0.890532 0.13226
3.46 0.887181 0.133673
3.47 0.886681 0.140141
3.48 0.883537 0.15552
3.49 0.881537 0.157193
3.5 0.880699 0.141981
3.51 0.878699 0.161589
3.52 0.876042 0.163777
3.53 0.875759 0.15604
3.54 0.874593 0.165394
3.55 0.870394 0.172661
3.56 0.868583 0.186289
3.57 0.867185 0.186608
3.58 0.86463 0.171042
3.59 0.864463 0.177448
3.6 0.862926 0.187459
3.61 0.861856 0.179691
3.62 0.854921 0.204899
3.63 0.855407 0.215484
3.64 0.853792 0.213383
3.65 0.852051 0.205144
3.66 0.850069 0.212377
3.67 0.847931 0.225398
3.68 0.844574 0.215593
3.69 0.844546 0.223047
3.7 0.839579 0.266691
3.71 0.835819 0.24715
3.72 0.834921 0.268372
3.73 0.833231 0.260265
3.74 0.830144 0.282048
3.75 0.826356 0.274951
3.76 0.825542 0.275563
3.77 0.824644 0.273075
3.78 0.818412 0.306463
3.79 0.817324 0.282628
3.8 0.814347 0.288081
3.81 0.810829 0.30929
3.82 0.810065 0.299843
3.83 0.805722 0.378995
3.84 0.800681 0.367703
3.85 0.800319 0.363807
3.86 0.796708 0.351289
3.87 0.793907 0.392241
3.88 0.788375 0.40654
3.89 0.786269 0.440624
3.9 0.780704 0.396493
3.91 0.778954 0.462372
3.92 0.775245 0.507136
3.93 0.771148 0.46949
3.94 0.771079 0.517979
3.95 0.764981 0.534371
3.96 0.760426 0.520147
3.97 0.758685 0.541661
3.98 0.754972 0.557013
3.99 0.754829 0.583931
4 0.748639 0.61729
4.01 0.743912 0.628418
4.02 0.734907 0.66876
4.03 0.73544 0.61149
4.04 0.730565 0.718929
4.05 0.724394 0.731931
4.06 0.720444 0.741687
4.07 0.715931 0.767684
4.08 0.711847 0.805191
4.09 0.705505 0.879606
4.1 0.697704 0.929252
4.11 0.695639 0.925741
4.12 0.689056 0.932867
4.13 0.680278 1.07262
4.14 0.678218 1.0524
4.15 0.672074 1.09612
4.16 0.672495 1.03983
4.17 0.661912 1.17685
4.18 0.650454 1.19192
4.19 0.651986 1.17175
4.2 0.644403 1.33149
4.21 0.639917 1.31264
4.22 0.632352 1.41021
4.23 0.622972 1.44683
4.24 0.620667 1.43388
4.25 0.616481 1.39221
4.26 0.606546 1.46619
4.27 0.606051 1.48176
4.28 0.600481 1.46888
4.29 0.58331 1.64873
4.3 0.580542 1.57853
4.31001 0.572569 1.68927
4.32001 0.572495 1.70197
4.33001 0.559787 1.65486
4.34001 0.546296 1.76231
4.35001 0.548102 1.74818
4.36001 0.540222 1.69735
4.37001 0.534065 1.78221
4.38001 0.527824 1.80715
4.39001 0.519421 1.95299
4.40001 0.513407 1.901
4.41001 0.498574 1.93933
4.42001 0.500111 1.92568
4.43001 0.486532 2.03399
4.44001 0.476796 1.99354
4.45001 0.47587 2.00039
4.46001 0.46794 1.93556
4.47001 0.457676 1.95715
4.48001 0.456153 1.92684
4.49001 0.448306 1.96603
4.50001 0.443213 2.00698
4.51001 0.440662 2.00346
4.52001 0.427778 1.96395
4.53001 0.412551 2.01048
4.54001 0.424282 1.92206
4.55001 0.397375 1.91122
4.56001 0.399606 2.00548
4.57001 0.402949 1.90909
4.58001 0.391843 1.88346
4.59001 0.385486 1.86593
4.60001 0.37638 1.84044
4.61001 0.369065 1.80568
4.62001 0.367167 1.82176
4.63001 0.36369 1.79442
4.64001 0.356042 1.86335
4.65001 0.349454 1.75319
4.66001 0.345046 1.7402
4.67001 0.339352 1.72893
4.68001 0.337741 1.69769
4.69001 0.33487 1.65727
4.70001 0.330898 1.67219
4.71001 0.327546 1.64724
4.72001 0.318528 1.56686
4.73001 0.31337 1.53846
4.74002 0.306361 1.56302
4.75002 0.30625 1.54268
4.76002 0.303278 1.52712
4.77002 0.301704 1.44578
4.78002 0.294833 1.53094
4.79002 0.284935 1.43664
4.80002 0.281634 1.4169
4.81002 0.281319 1.47386
4.82002 0.285556 1.40024
4.83002 0.278356 1.40474
4.84002 0.272662 1.31163
4.85002 0.271898 1.3641
4.86002 0.267 1.26866
4.87002 0.260801 1.28129
4.88002 0.252833 1.22129
4.89002 0.258468 1.21287
4.90002 0.253282 1.25062
4.91002 0.252231 1.24229
4.92002 0.250259 1.2165
4.93002 0.245278 1.17477
4.94002 0.23825 1.09686
4.95002 0.240375 1.15124
4.96002 0.238144 1.18631
4.97002 0.23738 1.13754
4.98002 0.237491 1.11321
4.99002 0.236264 1.0622
5.00002 0.235366 1.06833
5.01002 0.231463 1.04387
5.02002 0.223708 0.970693
5.03002 0.226181 1.0177
5.04002 0.225324 1.0269
5.05002 0.221829 0.99451
5.06002 0.217213 0.953031
5.07002 0.218685 0.918822
5.08002 0.213542 0.971472
5.09002 0.216727 0.913633
5.10002 0.217912 0.911225
5.11002 0.204495 0.862037
5.12002 0.208167 0.871005
5.13002 0.204333 0.86917
5.14002 0.200273 0.887429
5.15002 0.19894 0.784393
5.16002 0.205102 0.83258
5.17002 0.200685 0.880958
5.18003 0.200343 0.784039
5.19003 0.201037 0.790921
5.20003 0.190486 0.740501
5.21003 0.19444 0.766918
5.22003 0.190102 0.754084
5.23003 0.194764 0.778471
5.24003 0.193194 0.791064
5.25003 0.188153 0.724585
5.26003 0.191292 0.74768
5.27003 0.185972 0.729495
5.28003 0.18706 0.694515
5.29003 0.184981 0.668907
5.30003 0.184921 0.717306
5.31003 0.181866 0.648683
5.32003 0.181176 0.677645
5.33003 0.177435 0.644252
5.34003 0.17906 0.642546
5.35003 0.181051 0.654251
5.36003 0.17987 0.626006
5.37003 0.176579 0.606931
5.38003 0.174333 0.615777
5.39003 0.175273 0.639599
5.40003 0.169375 0.567868
5.41003 0.175685 0.618906
5.42003 0.17331 0.578338
5.43003 0.163213 0.583339
5.44003 0.168921 0.565062
5.45003 0.159912 0.561491
5.46003 0.166736 0.565923
5.47003 0.1695 0.549332
5.48003 0.160611 0.538977
5.49003 0.163477 0.562866
5.50003 0.159019 0.546325
5.51003 0.163662 0.550818
5.52003 0.159542 0.532957
5.53003 0.160394 0.54485
5.54003 0.166514 0.541975
5.55003 0.154991 0.491162
5.56003 0.156769 0.492483
5.57003 0.155301 0.509668
5.58003 0.155685 0.497101
5.59003 0.15538 0.491134
5.60003 0.15631 0.519842
5.61003 0.153917 0.484921
5.62004 0.156542 0.475759
5.63004 0.150755 0.443191
5.64004 0.148681 0.453357
5.65004 0.150472 0.45644
5.66004 0.150713 0.443829
5.67004 0.150912 0.432446
5.68004 0.148824 0.460414
5.69004 0.150903 0.453954
5.70004 0.152639 0.441548
5.71004 0.15169 0.438823
5.72004 0.145713 0.442404
5.73004 0.145685 0.427904
5.74004 0.140574 0.415681
5.75004 0.146648 0.427285
5.76004 0.143449 0.407806
5.77004 0.146148 0.424879
5.78004 0.15037 0.458116
5.79004 0.143139 0.418946
5.80004 0.14181 0.410531
5.81004 0.143792 0.385877
5.82004 0.140602 0.384587
5.83004 0.140134 0.393248
5.84004 0.138634 0.395077
5.85004 0.14 0.400901
5.86004 0.140259 0.38361
5.87004 0.141569 0.38697
5.88004 0.139755 0.374019
5.89004 0.133852 0.37985
5.90004 0.134935 0.360375
5.91004 0.14175 0.379625
5.92004 0.137542 0.376629
5.93004 0.134532 0.371496
5.94004 0.134815 0.359872
5.95004 0.13387 0.355342
5.96004 0.136403 0.359964
5.97004 0.136361 0.344583
5.98004 0.132519 0.344591
5.99004 0.133319 0.358234
6.00004 0.134083 0.34292
6.10004 0.130278 0.324546
6.20004 0.130426 0.297927
6.30004 0.122676 0.279553
6.40004 0.116287 0.258597
6.50004 0.118986 0.253804
6.60004 0.110333 0.234751
6.70004 0.112227 0.216256
6.80004 0.109352 0.216896
6.90004 0.110676 0.200078
7.00004 0.103727 0.193782
7.10004 0.104213 0.179507
7.20004 0.102866 0.176945
7.30004 0.101134 0.172737
7.40004 0.0995046 0.158368
7.50004 0.0978796 0.153271
7.60004 0.0944213 0.14761
7.70004 0.0957361 0.147819
7.80004 0.093588 0.132064
7.90004 0.0953657 0.141285
8.00004 0.0892546 0.125854
8.10004 0.0928519 0.129206
8.20004 0.0899398 0.124997
8.30004 0.0906111 0.115678
8.40004 0.0896435 0.118255
8.50004 0.0879583 0.113834
8.60004 0.0874259 0.104324
8.70004 0.0894352 0.114831
8.80005 0.0876898 0.110416
8.90005 0.0844954 0.0920105
9.00005 0.0842037 0.0974423
9.10005 0.0858472 0.0989205
9.20005 0.0838333 0.0908026
9.30005 0.0846019 0.0911781
9.40005 0.0854398 0.0920591
9.50005 0.0807593 0.0808243
9.60005 0.0808102 0.0816761
9.70005 0.0832824 0.0844174
9.80005 0.0800741 0.0820811
9.90005 0.0796019 0.0772277
