Temperatura	Srednie namagnesowanie	Podatnosc
0.1	1.0041465008112165	2.3364366684212855e-05
0.2	1.0041465008112165	1.1682183342106428e-05
0.30000000000000004	1.0041465008112165	7.78812222807095e-06
0.4	1.0041465008112165	5.841091671053214e-06
0.5	1.0041465008112165	4.672873336842571e-06
0.6	1.0041465008112165	3.894061114035476e-06
0.7	1.0041465008112165	3.3377666691732654e-06
0.7999999999999999	1.0041465008112165	2.920545835526607e-06
0.8999999999999999	1.0041465008112165	2.5960407426903174e-06
0.9999999999999999	1.0041232449972635	4.851645255000463e-05
1.0999999999999999	1.0041092915088914	6.919291158285236e-05
1.2	1.0040348729042412	0.00018488965457151018
1.3	1.0039418496484278	0.000322544609184502
1.4000000000000001	1.0037278961600573	0.0005699150230635218
1.5000000000000002	1.003509291508897	0.000875472285829339
1.6000000000000003	1.0030162897862502	0.0014334272908584549
1.7000000000000004	1.002509291508907	0.00200549231949836
1.8000000000000005	1.0014162682535623	0.003136739615697184
1.9000000000000006	1.0003371984861227	0.004598665424834843
2.0000000000000004	0.9985418497486094	0.00634653015748039
2.1000000000000005	0.9965558033362117	0.00818763491622363
2.2000000000000006	0.9943093562080966	0.0107806000628318
2.3000000000000007	0.9916721684393954	0.013273979354626543
2.400000000000001	0.9879790804853351	0.01703683563486225
2.500000000000001	0.9831558250706052	0.01942324055754124
2.600000000000001	0.9790907300242448	0.025257776092804576
2.700000000000001	0.9732070738928729	0.03146488804163939
2.800000000000001	0.9653930563039315	0.03879313311330711
2.9000000000000012	0.9580629954129319	0.048196937184722344
3.0000000000000013	0.9499745588205935	0.05810807223345421
3.010000000000001	0.950439631934108	0.054795990774968883
3.020000000000001	0.9478722333416644	0.058078702373398114
3.0300000000000007	0.9465140294052962	0.06087455156654368
3.0400000000000005	0.9468581503529286	0.057056463704442846
3.0500000000000003	0.9452676255424084	0.06355563542345796
3.06	0.9444862083613563	0.06237909813855576
3.07	0.9436024013017019	0.06097348277919802
3.0799999999999996	0.9420489776250723	0.062422766514868305
3.0899999999999994	0.939686230192187	0.07066261133593554
3.099999999999999	0.94011865963398	0.07003360820795208
3.109999999999999	0.9393791022192721	0.07146555080390976
3.1199999999999988	0.9383701017567001	0.0696089152528614
3.1299999999999986	0.9371047486160942	0.0695619995491842
3.1399999999999983	0.9363233531648208	0.07056905580932611
3.149999999999998	0.9344210712487907	0.0788453493838745
3.159999999999998	0.9335095075439113	0.079975339366762
3.1699999999999977	0.9327513465727993	0.08078680450118378
3.1799999999999975	0.9310582373846473	0.07926791271966309
3.1899999999999973	0.9283978797384798	0.07981311723371072
3.199999999999997	0.9288862084624118	0.08255180791218072
3.209999999999997	0.9284442835967374	0.0853960947211091
3.2199999999999966	0.925476884603673	0.08802116826286101
3.2299999999999964	0.9243885988459091	0.08787704792161853
3.239999999999996	0.9234537362575355	0.09297981705273266
3.249999999999996	0.9216164199895427	0.0944637397936065
3.259999999999996	0.9229280906633154	0.09320055250724281
3.2699999999999956	0.920049085193062	0.09389708452651586
3.2799999999999954	0.9170396537691388	0.09951555590489364
3.289999999999995	0.9166165054238894	0.09769473316110652
3.299999999999995	0.9157188529349146	0.1010569721115633
3.3099999999999947	0.9132817084319044	0.09873913435932874
3.3199999999999945	0.9146536945859755	0.10143124519065344
3.3299999999999943	0.9102581943169635	0.11143029598037321
3.339999999999994	0.9100955336180664	0.10782810896260368
3.349999999999994	0.905490795326186	0.11524072516966243
3.3599999999999937	0.9058397192690384	0.1164713004347629
3.3699999999999934	0.9066210503146965	0.1142473212985922
3.3799999999999932	0.9040350463691031	0.11861770895919801
3.389999999999993	0.9009653431311982	0.12282063221630013
3.399999999999993	0.9008257651811346	0.12620397859294888
3.4099999999999926	0.8987654077334517	0.12338801030392718
3.4199999999999924	0.8983468685738896	0.12549379825637896
3.429999999999992	0.8972908819595873	0.13254840714564567
3.439999999999992	0.8944955976171006	0.12950129346863085
3.4499999999999917	0.8924118124898507	0.1365051918609855
3.4599999999999915	0.8901514770691457	0.1393759210533312
3.4699999999999913	0.8895373716574472	0.13785017726071516
3.479999999999991	0.8872164413205704	0.1464801859557211
3.489999999999991	0.8861606710324803	0.15737873792132606
3.4999999999999907	0.8834118558552357	0.1527055177953502
3.5099999999999905	0.8820490638606585	0.1469051115962332
3.5199999999999902	0.8788583447541508	0.15039968899043268
3.52999999999999	0.876639847569433	0.1607288398414344
3.53999999999999	0.8759329354274812	0.15560374439667804
3.5499999999999896	0.8757189397640017	0.15710160446668603
3.5599999999999894	0.8729981399299361	0.16788157817866728
3.569999999999989	0.8726351541355546	0.16588245665202686
3.579999999999989	0.8698025960001501	0.16734480808021243
3.5899999999999888	0.8684582590179732	0.1796619831903323
3.5999999999999885	0.8643559979432821	0.1900719254828965
3.6099999999999883	0.8618212225790766	0.18780501860728205
3.619999999999988	0.8592072266211274	0.20704114948478003
3.629999999999988	0.8574593394878804	0.19096809402694104
3.6399999999999877	0.8579516271043588	0.2008170013573418
3.6499999999999875	0.8572956202482519	0.19779493066364157
3.6599999999999873	0.8532025314002053	0.22093238101961066
3.669999999999987	0.851504857483738	0.21619779956352292
3.679999999999987	0.8499096155125041	0.23377122854073681
3.6899999999999866	0.8462676270424269	0.24381373178155796
3.6999999999999864	0.8427329584536999	0.2360182506106935
3.709999999999986	0.8415746673905685	0.2477572263373007
3.719999999999986	0.8409111696164435	0.2474964019236354
3.7299999999999858	0.8345953656835458	0.24981406537585885
3.7399999999999856	0.8344190316040018	0.25060537804997973
3.7499999999999853	0.8292501218923614	0.28159324738064373
3.759999999999985	0.8257027962495046	0.2721545222946327
3.769999999999985	0.8262919393973088	0.25461846654009307
3.7799999999999847	0.8226972892410731	0.2852912530376602
3.7899999999999845	0.8219891424932939	0.28479658123582663
3.7999999999999843	0.8154261642852784	0.33707796066600737
3.809999999999984	0.8124966194839095	0.33222592983411375
3.819999999999984	0.81322634835078	0.2975833917761254
3.8299999999999836	0.8102973010691013	0.30449215386594064
3.8399999999999834	0.8094384906347556	0.32455268754841365
3.849999999999983	0.8033068822540526	0.3284723255105311
3.859999999999983	0.7992072607183976	0.3396843514027185
3.869999999999983	0.796587177562516	0.3968918802379588
3.8799999999999826	0.7929752954208746	0.39895860204341443
3.8899999999999824	0.787468938063772	0.4185555364584367
3.899999999999982	0.7885156986531058	0.43600419982291433
3.909999999999982	0.7831840325725036	0.40541928530078175
3.9199999999999817	0.7786710428850653	0.40757027772551957
3.9299999999999815	0.7779153619148252	0.42508776063995735
3.9399999999999813	0.7760472778067505	0.42917386170508753
3.949999999999981	0.770313104258219	0.4815351737139744
3.959999999999981	0.7647809688070878	0.5385181616865249
3.9699999999999807	0.7597645649716092	0.5083379632963606
3.9799999999999804	0.7640127765781463	0.47337667664719774
3.9899999999999802	0.7546220628216515	0.5236193595569651
3.99999999999998	0.750372153747552	0.5905198618743862
4.00999999999998	0.7467112125227672	0.5930655441662884
4.01999999999998	0.7408140644156771	0.6204978767735234
4.02999999999998	0.73853488981756	0.6091638087020906
4.03999999999998	0.7287902680614536	0.7112086089937567
4.049999999999979	0.7292993336369408	0.7094271341249033
4.059999999999979	0.7268216708678843	0.7427419790477409
4.069999999999979	0.7194531589759546	0.7098330577132531
4.079999999999979	0.7117862866549984	0.7365075598333625
4.0899999999999785	0.7106141074232467	0.8146438176575419
4.099999999999978	0.7063346105791177	0.8291213676723737
4.109999999999978	0.7001721347215913	0.7759403770761761
4.119999999999978	0.6887125349479775	0.9890500819257099
4.129999999999978	0.6852841760203872	0.9476224875067286
4.1399999999999775	0.6805170322404084	1.0270532324234654
4.149999999999977	0.6779456510630215	0.9821403744267828
4.159999999999977	0.6741582999887942	1.0947792768387365
4.169999999999977	0.662448382832796	1.059139940333051
4.179999999999977	0.6623521255995264	1.11954170894468
4.189999999999976	0.6554413758960782	1.144348573868656
4.199999999999976	0.6510862862569683	1.1634920429618032
4.209999999999976	0.6389107923068152	1.2879916241919678
4.219999999999976	0.6294254796902339	1.332677917544977
4.229999999999976	0.6268806822040163	1.3344148908969313
4.239999999999975	0.6228662159960133	1.407274159479075
4.249999999999975	0.6171541449114324	1.4352195005149753
4.259999999999975	0.6055203542506647	1.502889677703052
4.269999999999975	0.6007178993516492	1.554244346564408
4.2799999999999745	0.5949264454522227	1.4484250082352301
4.289999999999974	0.5951881492395327	1.4653859087087913
4.299999999999974	0.5844234758982176	1.4606078319533873
4.309999999999974	0.5758528891121718	1.5941425569892351
4.319999999999974	0.5660104822188683	1.6296545322157883
4.329999999999973	0.5609823019839973	1.7525373186668678
4.339999999999973	0.5514825650450093	1.7626903243768441
4.349999999999973	0.5476445897386945	1.7689997715444228
4.359999999999973	0.5316889914121004	1.8664532188827019
4.369999999999973	0.5310387693761486	1.7683891062067028
4.379999999999972	0.516913255123833	1.8668449612908273
4.389999999999972	0.5164420986050157	1.7487698563150638
4.399999999999972	0.505788717314692	1.9287822272026558
4.409999999999972	0.5006201279053188	1.9259554927290246
4.4199999999999715	0.49661625170591917	1.9024783257911928
4.429999999999971	0.48371902496597474	1.9725511530365167
4.439999999999971	0.48056783761816974	2.143125857641927
4.449999999999971	0.47386381029669594	2.0207098032270094
4.459999999999971	0.4624376712647967	1.9327811900442
4.46999999999997	0.4592076114031072	2.053761214202344
4.47999999999997	0.4485546619857991	2.0046172330761376
4.48999999999997	0.44184603372183706	2.0309094988377794
4.49999999999997	0.4349046785613925	1.9466619912779577
4.50999999999997	0.4247082094873573	2.0330756300709845
4.519999999999969	0.4325123675205707	1.9522617729145884
4.529999999999969	0.41859603612081003	2.002614455904062
4.539999999999969	0.41025015528733616	1.8863340030865279
4.549999999999969	0.40374199002150896	1.9346553865164995
4.5599999999999685	0.40196840798852246	1.9620362702530807
4.569999999999968	0.3852552393051388	1.8994257865338626
4.579999999999968	0.3904355546183151	1.8816555552663363
4.589999999999968	0.3840647171469805	1.907328513695452
4.599999999999968	0.37711607734303	1.9278432097558353
4.6099999999999675	0.37089873506984644	1.8784658098028606
4.619999999999967	0.37246733532371845	1.8129177134672854
4.629999999999967	0.3571135232778656	1.8124560767304758
4.639999999999967	0.3535360172614512	1.7861873117660312
4.649999999999967	0.355069371342516	1.7710589364137803
4.659999999999966	0.339699803741214	1.7474250497558332
4.669999999999966	0.34239969054490976	1.7396738583966815
4.679999999999966	0.33908872613958063	1.7105625876517865
4.689999999999966	0.33192149604650595	1.6127979077610928
4.6999999999999655	0.3193547598187917	1.6826364361186144
4.709999999999965	0.32445316762334986	1.6922666896485545
4.719999999999965	0.32277401792423827	1.661874436127374
4.729999999999965	0.311488478580926	1.6307052204525458
4.739999999999965	0.3052397544891247	1.5878531043781514
4.7499999999999645	0.2985245673162978	1.5818535836072944
4.759999999999964	0.30282586388998084	1.5169606530881101
4.769999999999964	0.2985756145101355	1.505388065203222
4.779999999999964	0.302806557352743	1.4326664337621535
4.789999999999964	0.28814750592274935	1.452952110690388
4.799999999999963	0.2867363583586804	1.434263415952154
4.809999999999963	0.28599085677811337	1.3912541289928184
4.819999999999963	0.2801891383050846	1.4122650983780407
4.829999999999963	0.27662115194586034	1.3633016837755176
4.8399999999999626	0.28324931198903863	1.393222356696533
4.849999999999962	0.2727897123487915	1.378749448192489
4.859999999999962	0.26719338827776223	1.3207988857877488
4.869999999999962	0.26438799703948	1.254712235247644
4.879999999999962	0.26477966376580075	1.2223458022448634
4.8899999999999615	0.2595068874400016	1.2566539627074729
4.899999999999961	0.2566605006841095	1.1943882974965347
4.909999999999961	0.2564779253286178	1.208184249195564
4.919999999999961	0.24786970388294088	1.1905221792426384
4.929999999999961	0.24807574623814585	1.1367498968742984
4.93999999999996	0.24318160604650813	1.1378874512755213
4.94999999999996	0.24310165878291973	1.1169982326161316
4.95999999999996	0.23841734910958823	1.123686481481363
4.96999999999996	0.24195730087365536	1.079603715156893
4.97999999999996	0.2359456388985325	1.0893471181405692
4.989999999999959	0.2354029853391961	1.0380477126863947
4.999999999999959	0.23135973337367455	1.0833489633432052
5.009999999999959	0.23136759473486487	1.0524530178053315
5.019999999999959	0.22924878631966353	1.0688460361131527
5.0299999999999585	0.2227996579615391	1.0198811279802504
5.039999999999958	0.22227439394339113	1.003711005554757
5.049999999999958	0.21410017969434147	0.9349991469756578
5.059999999999958	0.21773988228411423	0.91824249748655
5.069999999999958	0.21769714418264216	0.9272661433659544
5.079999999999957	0.21346316922687328	0.9012616173775456
5.089999999999957	0.21500512490567464	0.9270733225013489
5.099999999999957	0.21329002830846122	0.9380834313885422
5.109999999999957	0.21201552073195232	0.9252083961786348
5.119999999999957	0.21427606937695606	0.9364939910071733
5.129999999999956	0.20314518617017685	0.8630079645225948
5.139999999999956	0.20924084331994816	0.863214847847884
5.149999999999956	0.2052709192245444	0.869129322873903
5.159999999999956	0.199053463114703	0.8025017584882416
5.1699999999999555	0.20366979076539826	0.8164330199782825
5.179999999999955	0.19921938612289333	0.8571025460894949
5.189999999999955	0.20040266050518424	0.7721148894065611
5.199999999999955	0.19576392810676416	0.7546063990731501
5.209999999999955	0.19462654856980754	0.759002216279336
5.2199999999999545	0.18958407354345228	0.7492853633902155
5.229999999999954	0.18760300232439092	0.7423711932695041
5.239999999999954	0.1853073658685864	0.7427838213250807
5.249999999999954	0.18565516514501199	0.731387433857704
5.259999999999954	0.1897996031670822	0.7249226417793854
5.269999999999953	0.18859489820970993	0.7201061217174141
5.279999999999953	0.18299955536261314	0.7105683367217462
5.289999999999953	0.18594807409961608	0.7296244694657981
5.299999999999953	0.18469121981991893	0.682486780525797
5.3099999999999525	0.17948090485032242	0.6778411590828656
5.319999999999952	0.18421535197775227	0.685165206218637
5.329999999999952	0.18209523448712972	0.672157277114744
5.339999999999952	0.17776698687794437	0.6664485514017857
5.349999999999952	0.17749056936114183	0.6503091833617106
5.3599999999999515	0.17991153441692978	0.6430974592097373
5.369999999999951	0.17469723543261093	0.6253444311096623
5.379999999999951	0.17573107444875896	0.642494742075526
5.389999999999951	0.1732295522785756	0.6210251617615864
5.399999999999951	0.17284633553870457	0.6290991876742681
5.40999999999995	0.17036549492949893	0.592946362852801
5.41999999999995	0.17110662078450578	0.5941732957142868
5.42999999999995	0.16852223452742793	0.5695599721794717
5.43999999999995	0.16662193269691752	0.5842406531071369
5.4499999999999496	0.16510433997056015	0.5610594311721571
5.459999999999949	0.16635217761456284	0.5818545358020003
5.469999999999949	0.16149988861805767	0.5512459234162088
5.479999999999949	0.16391689371839832	0.549603936442395
5.489999999999949	0.16418191813002236	0.5901615927833848
5.4999999999999485	0.160952054859929	0.5409227186658155
5.509999999999948	0.16068619281534585	0.5378270322980103
5.519999999999948	0.1656744801923533	0.5472180063793668
5.529999999999948	0.1592570000018965	0.5250784996360177
5.539999999999948	0.1611705660848621	0.5299405285547568
5.549999999999947	0.15477581045465477	0.49483255814674404
5.559999999999947	0.15626980681888936	0.4994756882500867
5.569999999999947	0.1588146786765013	0.4997903163967166
5.579999999999947	0.1626284793683569	0.5340796282304936
5.589999999999947	0.15461817235521125	0.5076663301236941
5.599999999999946	0.1573573924467564	0.507671680214656
5.609999999999946	0.15451233229453434	0.4876920760350463
5.619999999999946	0.15140420599243384	0.4770292964288712
5.629999999999946	0.15554098192268287	0.4921738371341811
5.6399999999999455	0.15074537656339598	0.4806163454241882
5.649999999999945	0.1502133607510701	0.4637370694093445
5.659999999999945	0.15096474824936498	0.47004154601315545
5.669999999999945	0.15185449549361532	0.4731686807729708
5.679999999999945	0.15022609857977262	0.45181203723130897
5.689999999999944	0.1472063939156158	0.4596966643883415
5.699999999999944	0.1469469099895081	0.45476144313203026
5.709999999999944	0.14210508255595009	0.43113086871849726
5.719999999999944	0.1496322537332631	0.45338137914952825
5.729999999999944	0.14748439956268972	0.43459097422619253
5.739999999999943	0.14737682979987046	0.43747969781204227
5.749999999999943	0.14410624568459568	0.4267147236508537
5.759999999999943	0.14247211727121947	0.41029687187408564
5.769999999999943	0.14653712516358797	0.43468306357295544
5.7799999999999425	0.1432329665438038	0.3957284912573402
5.789999999999942	0.14290501896904562	0.40847689146974736
5.799999999999942	0.14057728722704926	0.4239210943904716
5.809999999999942	0.14333824771615256	0.4167299637269284
5.819999999999942	0.14133494904869398	0.4018955036382255
5.8299999999999415	0.13832830595613418	0.4085270262871359
5.839999999999941	0.14385715164331558	0.4144430373659197
5.849999999999941	0.14323328949641212	0.41472115557223693
5.859999999999941	0.13883766884227386	0.35122531207902474
5.869999999999941	0.14017349969087908	0.40928881715474213
5.87999999999994	0.13810128813995576	0.39820716369398756
5.88999999999994	0.13816437669509776	0.40139563903079983
5.89999999999994	0.13660208647531802	0.3764687475129065
5.90999999999994	0.13482809532692255	0.36999757606444783
5.9199999999999395	0.13861053809223695	0.3750415642642454
5.929999999999939	0.13409056826262122	0.35927601399886955
5.939999999999939	0.13807801893766533	0.372902498298317
5.949999999999939	0.13683411104722884	0.34986607019878624
5.959999999999939	0.13278764734713142	0.3610613035715393
5.9699999999999385	0.13274058255559712	0.3622876138184445
5.979999999999938	0.13010822515448847	0.3478952625513222
5.989999999999938	0.13432910562595393	0.3630818847517748
5.999999999999938	0.13491933358971597	0.355604737496452
6.009999999999938	0.13430123923020557	0.3609661768547223
6.109999999999937	0.12636076154394327	0.30572629051673256
6.209999999999937	0.12595419824579623	0.3013886466369244
6.3099999999999365	0.11997279844296181	0.27962538966130196
6.409999999999936	0.11855195105452047	0.26565490624678006
6.509999999999936	0.11862771134112701	0.2392260978857902
6.6099999999999355	0.11574474866475529	0.2464750226005089
6.709999999999935	0.11360904155776086	0.23324871220863802
6.809999999999935	0.1111222839497228	0.22588043957725898
6.909999999999934	0.10986735559224695	0.20867852775428913
7.009999999999934	0.10377376113792024	0.19285256072791596
7.109999999999934	0.10612730827224366	0.1886428735870634
7.209999999999933	0.10414995455449151	0.18188739389816003
7.309999999999933	0.10178548308886955	0.17629983206820282
7.409999999999933	0.09916961972648247	0.16303289207932578
7.509999999999932	0.09930960431411086	0.16141355972062327
7.609999999999932	0.09804331852080266	0.15729250310670206
7.709999999999932	0.09551091065175474	0.1408826879892979
7.809999999999931	0.09683629418267437	0.14590609338677868
7.909999999999931	0.09280391918770146	0.13870160518072147
8.00999999999993	0.09290696911062726	0.1292218794998839
8.10999999999993	0.08999035801873946	0.12525501651333557
8.20999999999993	0.09173658492935065	0.12789795261128836
8.30999999999993	0.09173380477374357	0.11661269210516582
8.409999999999929	0.08958218388404031	0.11941127731829682
8.509999999999929	0.08606154975760728	0.11233902516860113
8.609999999999928	0.08564389880776896	0.10404096441340704
8.709999999999928	0.08729988500406151	0.10160333987377951
8.809999999999928	0.08613873967785525	0.102175136594986
8.909999999999927	0.08656322831121349	0.10301823752688534
9.009999999999927	0.08473193417470308	0.09823684452216108
9.109999999999927	0.0840611077177744	0.09405043566482742
9.209999999999926	0.08369100300862733	0.09618109222394916
9.309999999999926	0.08198963461441894	0.09122753898285937
9.409999999999926	0.08519077015537277	0.09306344847224211
9.509999999999925	0.08335266523861623	0.09204122401276539
9.609999999999925	0.0817939700779292	0.08332952094669394
9.709999999999924	0.08076218646004873	0.08421355302634084
9.809999999999924	0.0818273417246064	0.08419622703115949
9.909999999999924	0.07977772268942693	0.0801211125522025
